-3.783606761231794735e-11
8.378151059150695801e-01
-3.199122473597526550e-02
1.034045591950416565e-03
1.856943406164646149e-02
1.054708436131477356e-01
4.350282549858093262e-01
-3.013389004991040565e-07
-6.111108064033032861e-08
4.238176047801971436e-01
9.965356184693519026e-08
-1.093873507329590211e-07
1.729341745376586914e-01
3.161810147034316287e-09
-5.100235789257112629e-09
1.034045591950416565e-03
1.856943406164646149e-02
-1.054708436131477356e-01
4.350282549858093262e-01
-3.013755645042692777e-07
6.107543981670460198e-08
4.238176047801971436e-01
9.966439762365553179e-08
1.093763657422641700e-07
1.729341745376586914e-01
3.153133754096870689e-09
5.100233568811063378e-09
6.904014199972152710e-02
-2.603526599705219269e-02
5.412077973556439514e-17
1.259416490793228149e-01
6.366766314158667228e-08
1.082415594711287903e-16
1.234991028904914856e-01
-4.367552364215043781e-08
2.685461049243615577e-17
2.585007250308990479e-01
-6.658117612801106588e-09
-9.412366693952530124e-16
1.176752820611000061e-01
2.518828878805834393e-08
-2.164831189422575805e-16
1.973546892404556274e-01
-1.481206063181161880e-02
6.003919616341590881e-02
1.128027066588401794e-01
-1.376755847104504937e-07
-6.174240496648053522e-08
3.300668001174926758e-01
1.485960012814757647e-07
9.990241522928045015e-08
2.519574761390686035e-01
7.561639563391509000e-07
-2.079801106447121128e-06
1.973546594381332397e-01
-1.481206156313419342e-02
-6.003919616341590881e-02
1.128027066588401794e-01
-1.377079286157822935e-07
6.172625433009670814e-08
3.300668001174926758e-01
1.485434637515936629e-07
-9.982299076227718615e-08
2.519569098949432373e-01
7.560121275673736818e-07
2.079719251923961565e-06
1.082364633475663140e-07
-4.846359077936845949e-11
9.833422303199768066e-01
-3.946169465780258179e-02
3.828883916139602661e-02
9.905030131340026855e-01
-8.689153790473937988e-01
3.149839639663696289e-01
3.164755105972290039e-01
8.624325394630432129e-01
1.941264420747756958e-02
1.082281321287155151e-01
6.037931442260742188e-01
6.804549694061279297e-01
-6.855040192604064941e-01
6.025796532630920410e-01
-8.572367578744888306e-02
-2.091129310429096222e-02
1.545130014419555664e-01
-9.400617480278015137e-01
9.589202404022216797e-01
1.631051599979400635e-01
9.781181812286376953e-03
-8.071416616439819336e-02
9.306518435478210449e-01
-3.658496737480163574e-01
3.658496737480163574e-01
9.306518435478210449e-01
-5.411097663454711437e-05
1.513607799097371753e-07
-8.689092993736267090e-01
3.149856030941009521e-01
3.164747655391693115e-01
8.624246716499328613e-01
-1.941253989934921265e-02
-1.082279384136199951e-01
6.037943363189697266e-01
6.804574131965637207e-01
-6.855114698410034180e-01
6.025800108909606934e-01
8.572357147932052612e-02
2.091126330196857452e-02
1.545127481222152710e-01
-9.400642514228820801e-01
9.589178562164306641e-01
1.631045788526535034e-01
-9.781240485608577728e-03
8.071464300155639648e-02
9.306518435478210449e-01
-3.658496737480163574e-01
3.658496737480163574e-01
9.306518435478210449e-01
5.410359153756871819e-05
-1.513604530600787257e-07
9.901167750358581543e-01
-1.371009200811386108e-01
1.369927227497100830e-01
9.898975491523742676e-01
-8.644893134679421109e-10
-4.978334633420899991e-09
9.930830001831054688e-01
-1.002385020256042480e-01
9.972345083951950073e-02
9.922024011611938477e-01
-1.096741142347923414e-09
-2.751401106948492270e-09
9.936148524284362793e-01
-9.472258388996124268e-02
9.421452134847640991e-02
9.927324652671813965e-01
-5.598415064866912871e-09
1.123616932829918369e-08
9.740089178085327148e-01
3.427424654364585876e-02
-3.096952289342880249e-02
9.648120403289794922e-01
-4.360748206977405061e-08
1.782067471367554390e-08
9.593400955200195312e-01
-3.154220804572105408e-02
-4.313160851597785950e-02
9.523455500602722168e-01
2.694540768288788968e-08
-3.440413465227720735e-08
-2.402836829423904419e-01
-2.111536078155040741e-02
-4.858111217617988586e-02
-9.959188103675842285e-01
9.646069407463073730e-01
-5.570530146360397339e-02
6.281105875968933105e-01
4.232335686683654785e-01
-1.038222014904022217e-01
8.208040595054626465e-01
-7.244124412536621094e-01
2.419414371252059937e-01
3.969324529170989990e-01
7.096285820007324219e-01
-7.019471526145935059e-01
4.113909900188446045e-01
1.450019031763076782e-01
3.312608227133750916e-02
9.736644029617309570e-01
-1.481924355030059814e-01
9.032992273569107056e-02
8.405517935752868652e-01
1.372089982032775879e-01
4.538639485836029053e-01
-2.402824312448501587e-01
-2.111532166600227356e-02
-4.858114942908287048e-02
-9.958881139755249023e-01
-9.646081924438476562e-01
5.570588633418083191e-02
6.281113624572753906e-01
4.232349097728729248e-01
-1.038220897316932678e-01
8.208057284355163574e-01
7.244175076484680176e-01
-2.419406175613403320e-01
3.969336748123168945e-01
7.096322178840637207e-01
-7.019518613815307617e-01
4.113928079605102539e-01
-1.450013667345046997e-01
-3.312599658966064453e-02
9.736626148223876953e-01
-1.481917053461074829e-01
9.032962471246719360e-02
8.405563831329345703e-01
-1.372088044881820679e-01
-4.538645446300506592e-01
4.993978008904775834e-10
3.084839045186527073e-05
-6.248240970307961106e-05
5.685677639171520287e-19
-4.474613813442569717e-20
-5.758633418235048791e-19
2.801497366546125512e-19
1.136620074759235613e-20
2.257319798471923773e-19
2.178942367480993018e-19
1.134662567995500212e-18
-2.499624781331316478e-19
-2.957136051688923280e-19
-5.312688006922008632e-20
-8.102898946374245571e-19
3.965140155603632764e-19
-4.066062135695754865e-19
-7.781937488314156176e-21
-1.431876420301622309e-18
1.318279680930320877e-19
-2.153236922152340736e-20
-1.867664842099032628e-18
-2.439664268184937462e-19
8.780866516180363967e-19
-4.669162169871066927e-20
1.243594448151702988e-19
-2.690990172612103780e-19
-4.435704336027326342e-19
7.198291772793810989e-20
-1.032698081837619873e-18
-2.801497366546125512e-19
-4.317375115425850042e-19
7.175428371415874593e-19
-1.167290526311895393e-19
4.411836556439991574e-19
-1.126320037927596652e-18
-1.338493209215943649e-18
1.092037640837912989e-18
-1.166354907490915492e-19
6.536827360936920476e-19
-3.791216901514291742e-19
4.422862874005323433e-19
-6.225549473663442095e-19
7.266383600608556979e-19
-1.034997643940517290e-18
-7.781937488314156176e-21
6.394261748387640465e-19
1.346911633105048950e-19
-1.961048156582287858e-18
-8.127741635861656509e-20
-1.475752147942966280e-18
-1.680898419927675307e-18
-1.631296948086239279e-18
-5.251943417027808844e-19
-8.404492099638376535e-19
6.128275618566620269e-19
1.206200197597594835e-19
5.369536446884112949e-19
-5.137072328374687045e-19
4.731186821763192526e-20
9.027046840209567607e-19
1.324883399802455546e-18
-9.284151118203299669e-20
-2.490219996260529976e-19
-7.686837438017729564e-19
4.728149388704503666e-19
-1.101500005461275578e-03
-2.484455419171638368e-10
1.815992023423973478e-09
-1.698693037033081055e-01
4.102853313088417053e-02
8.996160700917243958e-03
8.396575599908828735e-02
5.904479324817657471e-02
1.260647550225257874e-03
2.301205880939960480e-02
1.679944247007369995e-02
-6.370584480464458466e-03
-3.806902848513260551e-10
7.598346396520128110e-10
1.672411514830329793e-10
1.698683202266693115e-01
-4.102846980094909668e-02
8.996243588626384735e-03
-8.396550267934799194e-02
-5.904499068856239319e-02
1.260654535144567490e-03
-2.301212027668952942e-02
-1.679946668446063995e-02
-6.370588205754756927e-03
3.806919779414386085e-10
-7.598355833415837424e-10
1.672417621056965231e-10
2.144653031554977218e-11
-7.798738738129529224e-11
-1.518822624348104000e-03
-6.127580109982488921e-10
4.156727850812558245e-09
-6.223753094673156738e-03
-7.406016355737676804e-10
-3.126737091463382967e-09
-6.223761010915040970e-03
7.261461210106290309e-09
1.597348808779486262e-09
-5.456569488160312176e-04
6.060734136781320558e-10
-5.970491212536899184e-09
-2.529490040615200996e-03
1.361929898848757148e-04
9.051092638401314616e-05
-3.147564129903912544e-03
-2.283955179154872894e-02
-2.887440472841262817e-02
-8.927194401621818542e-03
1.040499191731214523e-03
1.927336998051032424e-04
3.651364531833678484e-04
-5.264253704808652401e-04
-3.295391565188765526e-03
-7.902068085968494415e-03
-1.361924369120970368e-04
-9.051196684595197439e-05
-3.147557144984602928e-03
2.283955924212932587e-02
2.887430042028427124e-02
-8.927194401621818542e-03
-1.040504081174731255e-03
-1.927340636029839516e-04
3.651266742963343859e-04
5.264217616058886051e-04
3.295389236882328987e-03
-7.902078330516815186e-03
8.857139022211413248e-09
0.000000000000000000e+00
1.198065996170043945e+00
0.000000000000000000e+00
-2.361792326155409683e-07
0.000000000000000000e+00
4.700186848640441895e-01
4.700186848640441895e-01
