3.704474493861198425e-02
5.687231570482254028e-02
3.754888847470283508e-02
5.319341767062724102e-07
8.839134352456312627e-06
1.420139415131416172e-05
2.800162656058091670e-05
7.237024135520186974e-08
9.911475729040830629e-08
9.531968680676072836e-05
9.993368621508125216e-08
7.695542336705329944e-08
6.586228118976578116e-05
3.651036806218144193e-08
4.519390728319194750e-08
5.319341198628535494e-07
8.840600457915570587e-06
1.419535783497849479e-05
2.798688183247577399e-05
7.236732102455789573e-08
9.909670239949264214e-08
9.532010153634473681e-05
9.993730998303362867e-08
7.695441439636852010e-08
6.586495146621018648e-05
3.651218705158498778e-08
4.518398810660073650e-08
2.045487599389161915e-05
2.068599314952734858e-06
3.180249308343263692e-08
6.068745278753340244e-05
2.487516681526358298e-08
2.897155937375828216e-08
6.707655120408162475e-05
1.177930197826526637e-08
8.563002751316162175e-09
1.716496190056204796e-04
1.099990853958843218e-07
3.855205221725555020e-08
9.269167094316799194e-06
4.998393698940617469e-09
6.480167513700507698e-08
1.053457745001651347e-04
8.366938345716334879e-06
3.830704372376203537e-05
3.859270873363129795e-05
2.047212461775416159e-07
1.356350196601852076e-07
6.601947825402021408e-05
1.155745863457013911e-07
1.625078311917604879e-07
4.144314880250021815e-05
5.808693686049082316e-07
2.124211277987342328e-06
1.053616142598912120e-04
8.366990186914335936e-06
3.830510104307904840e-05
3.859272328554652631e-05
2.046897549234927283e-07
1.356508789740473730e-07
6.602312350878491998e-05
1.155757942683521833e-07
1.625300001251162030e-07
4.202326090307906270e-05
5.807535217172699049e-07
2.123919102814397775e-06
1.376114189624786377e-01
6.696712225675582886e-02
2.170298062264919281e-02
1.129381209611892700e-01
1.106356680393218994e-01
1.524826325476169586e-02
1.375077366828918457e-01
3.128422200679779053e-01
3.147426247596740723e-01
1.368360519409179688e-01
1.627655029296875000e-01
1.693792343139648438e-01
3.269232213497161865e-01
2.228391915559768677e-01
2.223726212978363037e-01
3.246442973613739014e-01
4.285774379968643188e-02
1.356081068515777588e-01
2.047724723815917969e-01
6.603764742612838745e-02
5.030122399330139160e-02
2.043595165014266968e-01
1.098878458142280579e-01
1.924952864646911621e-01
5.611309825326316059e-05
8.654264092911034822e-05
8.654264092911034822e-05
5.611309825326316059e-05
1.656565444818625110e-07
1.549576609249925241e-07
1.375079452991485596e-01
3.128412961959838867e-01
3.147445619106292725e-01
1.368359923362731934e-01
1.627654582262039185e-01
1.693795919418334961e-01
3.269232809543609619e-01
2.228384912014007568e-01
2.223722487688064575e-01
3.246437907218933105e-01
4.285775870084762573e-02
1.356085985898971558e-01
2.047727555036544800e-01
6.603769212961196899e-02
5.030120164155960083e-02
2.043603211641311646e-01
1.098877415060997009e-01
1.924949884414672852e-01
5.612386667053215206e-05
8.654548582853749394e-05
8.654548582853749394e-05
5.612386667053215206e-05
1.656917874015562120e-07
1.549563677372134407e-07
3.226947737857699394e-03
2.039032243192195892e-02
2.029202133417129517e-02
3.286854829639196396e-03
2.328597009181976318e-02
3.126680478453636169e-02
5.953106563538312912e-03
4.094580933451652527e-02
4.055871814489364624e-02
6.432325579226016998e-03
4.688494652509689331e-02
6.209526956081390381e-02
5.739616230130195618e-03
4.097629338502883911e-02
4.058859869837760925e-02
6.241877097636461258e-03
4.680958390235900879e-02
6.215274706482887268e-02
3.557372465729713440e-02
1.294811367988586426e-01
1.352310031652450562e-01
4.103457555174827576e-02
1.756791025400161743e-01
2.225674986839294434e-01
4.463263973593711853e-02
1.100766137242317200e-01
1.120734512805938721e-01
5.772513151168823242e-02
2.515744864940643311e-01
2.767926752567291260e-01
6.845325231552124023e-02
4.714195616543292999e-03
6.694949418306350708e-02
5.326595623046159744e-03
1.652467437088489532e-02
6.905466318130493164e-02
9.024162590503692627e-02
1.948768347501754761e-01
2.263350188732147217e-01
9.788379073143005371e-02
1.026919111609458923e-01
2.026226669549942017e-01
5.138479471206665039e-01
2.300826013088226318e-01
2.311695665121078491e-01
5.223485231399536133e-01
1.058377921581268311e-01
1.721694320440292358e-02
2.298717759549617767e-02
7.478004693984985352e-02
1.109493672847747803e-01
1.289719194173812866e-01
1.102817580103874207e-01
2.080554068088531494e-01
6.845334172248840332e-02
4.714194219559431076e-03
6.694939732551574707e-02
5.326030310243368149e-03
1.652466133236885071e-02
6.905473768711090088e-02
9.024159610271453857e-02
1.948769241571426392e-01
2.263360470533370972e-01
9.788395464420318604e-02
1.026922538876533508e-01
2.026221603155136108e-01
5.138483643531799316e-01
2.300825715065002441e-01
2.311701774597167969e-01
5.223478674888610840e-01
1.058378517627716064e-01
1.721693202853202820e-02
2.298717759549617767e-02
7.478024065494537354e-02
1.109492629766464233e-01
1.289718747138977051e-01
1.102814003825187683e-01
2.080551981925964355e-01
1.638546586036682129e-01
3.454807102680206299e-01
1.822622120380401611e-01
1.357251289845927064e-15
2.677567919785067176e-15
3.108004229074811352e-15
6.376177306277727372e-15
5.101316487694752475e-15
4.228406260385359633e-15
7.916269975150914961e-15
5.114463709585560097e-15
3.575465830796698691e-15
3.953801143500830853e-15
2.440287733237772767e-15
3.595574816480989408e-15
1.343916767794657834e-15
2.637081438972206128e-15
3.027547322272203939e-15
6.412348577740801386e-15
5.124964377032671659e-15
4.037783189671673850e-15
8.023703399015914145e-15
4.889887323181185685e-15
3.533515888809219026e-15
4.017522585089824613e-15
2.477027575566691231e-15
3.584798439809546572e-15
1.535074633935416301e-15
2.741527589390476208e-15
2.864520796738300075e-15
2.357451087369854398e-15
2.900949566217339397e-15
2.878975202224957897e-15
2.687826971083974448e-15
2.842904092407896703e-15
2.911899161126495737e-15
6.086439945790500516e-15
4.018785087697707148e-15
3.183569097090551553e-15
3.710831436646829309e-15
3.014044981818259951e-15
2.869197900914801508e-15
4.923148612953967551e-15
3.673694971140359020e-15
3.452308722573581116e-15
3.806976452423770432e-15
2.667444817274194219e-15
2.474016161680965380e-15
8.343098347601829445e-15
5.964853871926302856e-15
4.882922594772387201e-15
7.436693472942686178e-15
4.919183651727870171e-15
3.153748878665990282e-15
5.032748747098043235e-15
3.780333031067886415e-15
3.187200327335430738e-15
3.621915000041756386e-15
2.620471334634786112e-15
2.435547525106700889e-15
8.259303919228803276e-15
6.481430890852967613e-15
4.288806485788169282e-15
7.502328361959527403e-15
4.394811812104097715e-15
3.008132691846424935e-15
5.689214468002319336e-01
8.572607040405273438e-01
6.711727976799011230e-01
1.729066133499145508e+00
1.605358719825744629e+00
2.616916656494140625e+00
1.062062263488769531e+00
1.193522214889526367e+00
4.059484481811523438e+00
1.093143343925476074e+00
2.337204456329345703e+00
2.843330860137939453e+00
1.838326738834439311e-06
3.248177335990476422e-06
2.516931772333919071e-06
1.729069113731384277e+00
1.605367541313171387e+00
2.616920948028564453e+00
1.062061071395874023e+00
1.193521142005920410e+00
4.059482574462890625e+00
1.093143343925476074e+00
2.337210416793823242e+00
2.843321800231933594e+00
1.838325829339737538e-06
3.248169377911835909e-06
2.516932454454945400e-06
2.572899162769317627e-01
1.701602488756179810e-01
1.397451460361480713e-01
5.115818381309509277e-01
3.445279300212860107e-01
2.788291871547698975e-01
5.116079449653625488e-01
3.444898724555969238e-01
2.788291275501251221e-01
6.626471877098083496e-01
7.449854016304016113e-01
6.181057095527648926e-01
8.256007432937622070e-01
8.515574932098388672e-01
4.898295998573303223e-01
5.398607254028320312e-01
6.377220749855041504e-01
3.915642946958541870e-02
1.831550121307373047e+00
1.082790970802307129e+00
1.539624571800231934e+00
4.179645180702209473e-01
3.015640377998352051e-01
2.028944253921508789e+00
1.685223221778869629e+00
1.040254116058349609e+00
7.569627165794372559e-01
5.398617982864379883e-01
6.377219557762145996e-01
3.915641456842422485e-02
1.831555604934692383e+00
1.082793712615966797e+00
1.539624691009521484e+00
4.179640710353851318e-01
3.015646338462829590e-01
2.028946161270141602e+00
1.685229778289794922e+00
1.040252089500427246e+00
7.569625377655029297e-01
8.262671828269958496e-01
0.000000000000000000e+00
1.244588732719421387e+00
0.000000000000000000e+00
1.761632442474365234e+00
0.000000000000000000e+00
4.990864396095275879e-01
4.990870356559753418e-01
