1.166144251823425293e+00
1.166144251823425293e+00
1.166144251823425293e+00
1.166144251823425293e+00
1.166144251823425293e+00
1.166144251823425293e+00
1.166144251823425293e+00
1.166144251823425293e+00
1.166144251823425293e+00
1.166144251823425293e+00
1.166144251823425293e+00
1.166144251823425293e+00
1.166144251823425293e+00
1.166144251823425293e+00
1.166144251823425293e+00
1.166144251823425293e+00
1.166144251823425293e+00
1.166144251823425293e+00
1.166144251823425293e+00
1.166144251823425293e+00
1.166144251823425293e+00
1.166144251823425293e+00
1.166144251823425293e+00
1.166144251823425293e+00
1.166144251823425293e+00
1.166144251823425293e+00
1.166144251823425293e+00
