7.980268597602844238e-01
3.318201601505279541e-01
1.120141983032226562e+00
7.980268597602844238e-01
3.318202197551727295e-01
1.120142817497253418e+00
9.269289374351501465e-01
4.874812960624694824e-01
1.585553288459777832e+00
9.269254803657531738e-01
4.874805212020874023e-01
1.585551261901855469e+00
1.041971683502197266e+00
4.099228978157043457e-01
1.548091530799865723e+00
3.943985402584075928e-01
5.866127014160156250e-01
8.556797504425048828e-01
1.137186288833618164e+00
1.383556604385375977e+00
1.642521858215332031e+00
1.361600637435913086e+00
6.106646060943603516e-01
1.816205263137817383e+00
1.450766205787658691e+00
1.915346980094909668e+00
1.845406293869018555e+00
1.053991019725799561e-01
1.353886574506759644e-01
1.352212578058242798e-01
1.011712700128555298e-01
1.299773901700973511e-01
1.062750890851020813e-01
1.839797794818878174e-01
9.372667968273162842e-02
5.967295542359352112e-02
2.160148322582244873e-01
1.439440697431564331e-01
1.525074541568756104e-01
1.324018537998199463e-01
1.104442924261093140e-01
1.015309393405914307e-01
1.211376264691352844e-01
1.228319555521011353e-01
8.080431073904037476e-02
1.133419200778007507e-01
2.087240666151046753e-01
9.428271651268005371e-02
8.380952477455139160e-02
1.463128030300140381e-01
1.673561036586761475e-01
1.087027192115783691e-01
9.264995157718658447e-02
1.583322435617446899e-01
1.227647885680198669e-01
1.670659780502319336e-01
8.543501049280166626e-02
1.384327411651611328e-01
1.517133712768554688e-01
