1.394012315358850174e-06
-1.241370341631409246e-06
2.231902044513844885e-06
-3.384986655419197632e-07
-1.956249434442725033e-06
1.830292603699490428e-06
-2.521889186368753144e-08
-3.648556345936526668e-09
3.415279252294567414e-06
2.395640130714582483e-09
-7.429342696596563655e-10
3.509454700179048814e-06
-1.733213927934684762e-08
-9.450400462185370998e-10
-8.814387911115773022e-06
4.215664262119389605e-08
2.020688725679065101e-06
-1.378464276058366522e-07
-9.048430911207105964e-07
1.263342426227609394e-07
3.716542323672911152e-06
2.524204489873227431e-07
-9.445975592825561762e-06
-1.540854270842828555e-07
-2.950401039925054647e-06
-3.976772120495297713e-07
-7.370382718363543972e-06
