1.394012315358850174e-06
-1.241370341631409246e-06
2.231902044513844885e-06
-3.384986655419197632e-07
-1.956249434442725033e-06
1.830292603699490428e-06
-2.521889186368753144e-08
-3.648556345936526668e-09
3.415279252294567414e-06
2.395640130714582483e-09
-7.429342696596563655e-10
3.509454700179048814e-06
-1.733213927934684762e-08
-9.450400462185370998e-10
-8.814387911115773022e-06
4.215664262119389605e-08
2.020688725679065101e-06
-1.378464276058366522e-07
-9.048430911207105964e-07
1.263342426227609394e-07
3.716542323672911152e-06
2.524204489873227431e-07
-9.445975592825561762e-06
-1.540854270842828555e-07
-2.950401039925054647e-06
-3.976772120495297713e-07
-7.370382718363543972e-06
3.626932948827743530e-02
1.235203631222248077e-02
-2.236829325556755066e-02
4.927553236484527588e-02
-1.818809285759925842e-02
-1.501716766506433487e-02
1.620414294302463531e-02
4.856771230697631836e-02
-3.105260839220136404e-04
-8.763035386800765991e-02
1.657213643193244934e-02
2.677955850958824158e-02
3.004484064877033234e-02
-7.159788161516189575e-02
1.857177540659904480e-02
-1.057435199618339539e-02
1.162051688879728317e-02
1.626102812588214874e-02
2.041119150817394257e-02
3.759449720382690430e-02
-9.364087134599685669e-02
1.792150433175265789e-03
1.447981875389814377e-02
-2.321851812303066254e-02
-1.904574036598205566e-02
4.767048358917236328e-02
-4.041394218802452087e-02
4.502990469336509705e-02
4.990567918866872787e-03
3.831896558403968811e-02
-2.858318621292710304e-03
-5.461723357439041138e-02
