2.768738195300102234e-04
2.888132075895555317e-05
3.848144260700792074e-04
-2.186418714700266719e-04
-2.320635758223943412e-06
1.312173844780772924e-04
-1.028558908728882670e-04
6.822471914347261190e-05
1.579705788401497557e-08
-2.555701030360069126e-05
-3.712048419401980937e-05
-1.714694371912628412e-05
-6.912023527547717094e-04
-1.470966089982539415e-04
6.793134525651112199e-05
-7.612009540025610477e-06
-2.152733031834941357e-05
8.310156829338666284e-08
-3.909657971234992146e-05
6.358029054354119580e-07
-4.558667933451943099e-05
-4.210402039461769164e-05
2.679255146631476237e-07
-2.546337200328707695e-04
1.018282637232914567e-05
-3.450056246947497129e-04
1.865967169578652829e-05
-3.333855829623644240e-06
1.348682708339765668e-04
-3.399332490516826510e-05
5.918307124375132844e-06
6.247225974220782518e-05
6.347530143102630973e-05
-2.785087599477265030e-05
-3.598815237637609243e-05
-8.591825462644919753e-06
8.680630708113312721e-05
-8.438107033725827932e-05
7.687539618927985430e-05
1.208817629958502948e-04
-2.752449745457852259e-06
-2.513113213353790343e-05
-7.548555004177615047e-05
-6.890072836540639400e-05
1.267261040993616916e-06
1.344401243841275573e-04
1.502675004303455353e-04
4.055163662997074425e-05
4.731038643512874842e-05
-8.761186472838744521e-05
-5.908472758164862171e-06
-7.826553337508812547e-05
-4.720301512861624360e-05
3.253623799537308514e-05
-3.978364020440494642e-06
1.032342333928681910e-04
4.083097519469447434e-05
-5.782634616480208933e-05
2.818054235831368715e-05
