1.166144251823425293e+00
1.166144251823425293e+00
1.166144251823425293e+00
1.166144251823425293e+00
1.166144251823425293e+00
1.166144251823425293e+00
1.166144251823425293e+00
1.166144251823425293e+00
1.166144251823425293e+00
1.166144251823425293e+00
1.166144251823425293e+00
1.166144251823425293e+00
1.166144251823425293e+00
1.166144251823425293e+00
1.166144251823425293e+00
1.166144251823425293e+00
1.166144251823425293e+00
1.166144251823425293e+00
1.166144251823425293e+00
1.166144251823425293e+00
1.166144251823425293e+00
1.166144251823425293e+00
1.166144251823425293e+00
1.166144251823425293e+00
1.166144251823425293e+00
1.166144251823425293e+00
1.166144251823425293e+00
1.374107599258422852e-01
1.374107599258422852e-01
1.374107599258422852e-01
1.374107599258422852e-01
1.374107599258422852e-01
1.374107599258422852e-01
1.374107599258422852e-01
1.374107599258422852e-01
1.374107599258422852e-01
1.374107599258422852e-01
1.374107599258422852e-01
1.374107599258422852e-01
1.374107599258422852e-01
1.374107599258422852e-01
1.374107599258422852e-01
1.374107599258422852e-01
1.374107599258422852e-01
1.374107599258422852e-01
1.374107599258422852e-01
1.374107599258422852e-01
1.374107599258422852e-01
1.374107599258422852e-01
1.374107599258422852e-01
1.374107599258422852e-01
1.374107599258422852e-01
1.374107599258422852e-01
1.374107599258422852e-01
1.374107599258422852e-01
1.374107599258422852e-01
1.374107599258422852e-01
1.374107599258422852e-01
1.374107599258422852e-01
