4.284676074981689453e+00
3.137675285339355469e+00
8.035784721374511719e+00
4.285380363464355469e+00
3.137733459472656250e+00
8.036999702453613281e+00
8.571112632751464844e+00
7.839109420776367188e+00
1.385076999664306641e+01
8.571141242980957031e+00
7.838983058929443359e+00
1.385085391998291016e+01
5.047966480255126953e+00
7.226889133453369141e+00
5.998602867126464844e+00
1.004251599311828613e+00
1.143487453460693359e+00
1.875217080116271973e+00
2.190919876098632812e+00
2.810405969619750977e+00
3.244887590408325195e+00
3.137112379074096680e+00
2.057351350784301758e+00
4.013700008392333984e+00
4.070072174072265625e+00
4.536423683166503906e+00
4.832917690277099609e+00
1.595075368881225586e+00
1.422572851181030273e+00
2.341267585754394531e+00
1.418319344520568848e+00
1.683398842811584473e+00
1.487560629844665527e+00
2.598746776580810547e+00
1.434880852699279785e+00
9.919759631156921387e-01
2.333608627319335938e+00
1.660488843917846680e+00
2.683748006820678711e+00
2.456206560134887695e+00
1.627368569374084473e+00
1.231772899627685547e+00
1.059848666191101074e+00
2.234643936157226562e+00
1.183129191398620605e+00
1.528199076652526855e+00
2.705513238906860352e+00
1.395413041114807129e+00
1.241587638854980469e+00
1.889816164970397949e+00
2.147839307785034180e+00
1.504333972930908203e+00
1.235126376152038574e+00
1.777455449104309082e+00
1.946500658988952637e+00
2.451582193374633789e+00
1.307057857513427734e+00
1.824981927871704102e+00
1.666402935981750488e+00
